0,0.002
1,-0.0072
2,-0.0462
3,-0.0498
4,-0.0618
5,-0.072
6,-0.0638
7,-0.075
8,-0.0818
9,-0.0804
10,-0.0786
11,-0.0718
12,-0.0728
13,-0.059
14,-0.0734
15,-0.079
16,-0.086
17,-0.0704
18,-0.0596
19,-0.0774
20,-0.078
21,-0.0794
22,-0.0708
23,-0.056
24,-0.0642
25,-0.0608
26,-0.0598
27,-0.055
28,-0.0648
29,-0.0584
30,-0.0554
31,-0.0406
32,-0.048
33,-0.0404
34,-0.0404
35,-0.0496
36,-0.0454
37,-0.0586
38,-0.0754
39,-0.0772
40,-0.0696
41,-0.07
42,-0.0618
43,-0.0678
44,-0.0744
45,-0.0968
46,-0.0986
47,-0.0948
48,-0.0858
49,-0.1022
50,-0.1154
51,-0.12
52,-0.1248
53,-0.1292
54,-0.1314
55,-0.1204
56,-0.1296
57,-0.1288
58,-0.1348
59,-0.1362
60,-0.143
61,-0.1374
62,-0.1258
63,-0.1184
64,-0.115
65,-0.1326
66,-0.1326
67,-0.1318
68,-0.1196
69,-0.1122
70,-0.1274
71,-0.1204
72,-0.115
73,-0.1114
74,-0.1152
75,-0.1196
76,-0.1144
77,-0.1176
78,-0.1054
79,-0.1044
80,-0.0922
81,-0.0954
82,-0.0998
83,-0.0922
84,-0.0898
85,-0.088
86,-0.0916
87,-0.0774
88,-0.0702
89,-0.0488
90,-0.0498
91,-0.0432
92,-0.0432
93,-0.0314
94,-0.0382
95,-0.0368
96,-0.0492
97,-0.0434
98,-0.0502
99,-0.0544
100,-0.0558
101,-0.0558
102,-0.054
103,-0.0588
104,-0.063
105,-0.0678
106,-0.0738
107,-0.0764
108,-0.0774
109,-0.0768
110,-0.0886
111,-0.0962
112,-0.1112
113,-0.1038
114,-0.097
115,-0.1124
116,-0.1142
117,-0.1036
118,-0.0996
119,-0.1046
120,-0.1016
121,-0.1078
122,-0.107
123,-0.096
124,-0.1072
125,-0.1012
126,-0.1082
127,-0.0994
128,-0.0996
129,-0.0928
130,-0.1026
131,-0.0912
132,-0.0934
133,-0.0796
134,-0.0872
135,-0.0784
136,-0.0718
137,-0.0898
138,-0.0918
139,-0.0888
140,-0.0818
141,-0.0748
142,-0.0634
143,-0.0632
144,-0.0562
145,-0.0628
146,-0.0804
147,-0.0864
148,-0.0924
149,-0.086
150,-0.0774
151,-0.0782
152,-0.0758
153,-0.0888
154,-0.097
155,-0.1066
156,-0.1102
157,-0.1062
158,-0.108
159,-0.1076
160,-0.1126
161,-0.0932
162,-0.0836
163,-0.089
164,-0.1036
165,-0.0984
166,-0.113
167,-0.1122
168,-0.1132
169,-0.1186
170,-0.1216
171,-0.1158
172,-0.1272
173,-0.1286
174,-0.1414
175,-0.1434
176,-0.1236
177,-0.13
178,-0.1228
179,-0.1256
180,-0.1272
181,-0.1224
182,-0.1206
183,-0.1272
184,-0.1114
185,-0.1004
186,-0.1088
187,-0.117
188,-0.0994
189,-0.0984
190,-0.0938
191,-0.1032
192,-0.102
193,-0.0992
194,-0.1072
195,-0.1152
196,-0.1088
197,-0.107
198,-0.1054
199,-0.1168
200,-0.1194
201,-0.1238
202,-0.117
203,-0.1102
204,-0.108
205,-0.114
206,-0.1138
207,-0.1156
208,-0.1032
209,-0.094
210,-0.0954
211,-0.1022
212,-0.1022
213,-0.092
214,-0.093
215,-0.0988
216,-0.0966
217,-0.1002
218,-0.107
219,-0.106
220,-0.119
221,-0.1286
222,-0.1192
223,-0.11
224,-0.092
225,-0.0908
226,-0.0782
227,-0.0718
228,-0.0882
229,-0.092
230,-0.1002
231,-0.1042
232,-0.1048
233,-0.1148
234,-0.1074
235,-0.0954
236,-0.0906
237,-0.0968
238,-0.1056
239,-0.104
240,-0.1122
241,-0.1206
242,-0.1118
243,-0.1158
244,-0.1254
245,-0.1148
246,-0.102
247,-0.1016
248,-0.0924
249,-0.0782
250,-0.0782
251,-0.0842
252,-0.1028
253,-0.0946
254,-0.0998
255,-0.1028
256,-0.1156
257,-0.1182
258,-0.1162
259,-0.1072
260,-0.1212
261,-0.1372
262,-0.1306
263,-0.1258
264,-0.126
265,-0.1082
266,-0.1204
267,-0.1226
268,-0.122
269,-0.1066
270,-0.103
271,-0.111
272,-0.108
273,-0.1212
274,-0.1332
275,-0.143
276,-0.158
277,-0.1522
278,-0.1532
279,-0.1516
280,-0.152
281,-0.1554
282,-0.1554
283,-0.1556
284,-0.1628
285,-0.1688
286,-0.1758
287,-0.175
288,-0.1618
289,-0.1646
290,-0.171
291,-0.1672
292,-0.1558
293,-0.1474
294,-0.161
295,-0.1618
296,-0.1602
297,-0.1682
298,-0.1534
299,-0.1328
300,-0.1502
301,-0.1486
302,-0.1314
303,-0.1268
304,-0.132
305,-0.1254
306,-0.1222
307,-0.1026
308,-0.112
309,-0.112
310,-0.1102
311,-0.1044
312,-0.097
313,-0.114
314,-0.1144
315,-0.1092
316,-0.1112
317,-0.1164
318,-0.1152
319,-0.1132
320,-0.1166
321,-0.1292
322,-0.128
323,-0.1348
324,-0.1362
325,-0.1422
326,-0.1506
327,-0.1534
328,-0.162
329,-0.1678
330,-0.1592
331,-0.1576
332,-0.1582
333,-0.1518
334,-0.1506
335,-0.1446
336,-0.1372
337,-0.128
338,-0.1256
339,-0.119
340,-0.1152
341,-0.125
342,-0.1302
343,-0.1332
344,-0.132
345,-0.1292
346,-0.149
347,-0.1438
348,-0.1354
349,-0.1426
350,-0.1308
351,-0.1098
352,-0.1186
353,-0.1098
354,-0.1206
355,-0.1362
356,-0.1296
357,-0.1354
358,-0.1324
359,-0.1132
360,-0.108
361,-0.1034
362,-0.1012
363,-0.0982
364,-0.097
365,-0.0904
366,-0.0978
367,-0.0914
368,-0.0996
369,-0.085
370,-0.0734
371,-0.0864
372,-0.0912
373,-0.089
374,-0.0912
375,-0.0898
376,-0.083
377,-0.0866
378,-0.0896
379,-0.093
380,-0.085
381,-0.0938
382,-0.0708
383,-0.0544
384,-0.053
385,-0.047
386,-0.0528
387,-0.0552
388,-0.0528
389,-0.0676
390,-0.0664
391,-0.0608
392,-0.0626
393,-0.0586
394,-0.0624
395,-0.0596
396,-0.0572
397,-0.0622
398,-0.061
399,-0.0612
400,-0.0574
401,-0.0626
402,-0.0594
403,-0.062
404,-0.0584
405,-0.0726
406,-0.0686
407,-0.0672
408,-0.0762
409,-0.091
410,-0.0958
411,-0.0922
412,-0.0882
413,-0.0958
414,-0.0996
415,-0.0966
416,-0.0978
417,-0.0872
418,-0.0914
419,-0.0832
420,-0.0732
421,-0.0706
422,-0.0734
423,-0.0698
424,-0.075
425,-0.077
426,-0.0796
427,-0.0724
428,-0.0854
429,-0.0876
430,-0.078
431,-0.069
432,-0.078
433,-0.0844
434,-0.0924
435,-0.099
436,-0.1002
437,-0.0936
438,-0.092
439,-0.086
440,-0.0828
441,-0.076
442,-0.0908
443,-0.0992
444,-0.0954
445,-0.1056
446,-0.1062
447,-0.1046
448,-0.1074
449,-0.1108
450,-0.1094
451,-0.108
452,-0.1174
453,-0.1142
454,-0.115
455,-0.1274
456,-0.1212
457,-0.1344
458,-0.1336
459,-0.128
460,-0.1412
461,-0.1554
462,-0.138
463,-0.1368
464,-0.1426
465,-0.1324
466,-0.1306
467,-0.1306
468,-0.1128
469,-0.1152
470,-0.1114
471,-0.114
472,-0.1152
473,-0.1246
474,-0.1316
475,-0.1306
476,-0.1232
477,-0.1308
478,-0.1266
479,-0.1246
480,-0.1254
481,-0.1236
482,-0.1276
483,-0.1194
484,-0.12
485,-0.1214
486,-0.1316
487,-0.1258
488,-0.1272
489,-0.1354
490,-0.1278
491,-0.1312
492,-0.127
493,-0.1228
494,-0.1266
495,-0.1228
496,-0.1302
497,-0.1272
498,-0.1346
499,-0.1264
500,-0.1382
501,-0.1372
502,-0.14
503,-0.1514
504,-0.1488
505,-0.1546
506,-0.1586
507,-0.158
508,-0.1574
509,-0.1492
510,-0.1498
511,-0.1496
512,-0.1336
513,-0.128
514,-0.1344
515,-0.1342
516,-0.138
517,-0.1422
518,-0.1436
519,-0.156
520,-0.1576
521,-0.1478
522,-0.136
523,-0.1308
524,-0.139
525,-0.1438
526,-0.1336
527,-0.1276
528,-0.1266
529,-0.1236
530,-0.126
531,-0.1264
532,-0.1148
533,-0.1148
534,-0.1166
535,-0.1154
536,-0.0984
537,-0.0926
538,-0.1042
539,-0.1162
540,-0.1166
541,-0.1036
542,-0.102
543,-0.1066
544,-0.1122
545,-0.1108
546,-0.1014
547,-0.1036
548,-0.101
549,-0.1068
550,-0.1028
551,-0.1044
552,-0.1092
553,-0.0888
554,-0.0978
555,-0.0808
556,-0.0798
557,-0.0868
558,-0.0864
559,-0.076
560,-0.068
561,-0.0602
562,-0.0608
563,-0.0664
564,-0.0602
565,-0.063
566,-0.0776
567,-0.077
568,-0.0836
569,-0.0824
570,-0.0948
571,-0.107
572,-0.1082
573,-0.0928
574,-0.0844
575,-0.0752
576,-0.0716
577,-0.0868
578,-0.093
579,-0.0864
580,-0.0886
581,-0.0832
582,-0.0858
583,-0.0884
584,-0.1032
585,-0.0966
586,-0.0908
587,-0.0758
588,-0.0704
589,-0.0806
590,-0.0892
591,-0.0874
592,-0.0936
593,-0.0876
594,-0.0858
595,-0.0836
596,-0.084
597,-0.0784
598,-0.0714
599,-0.074
600,-0.088
601,-0.0896
602,-0.0846
603,-0.0732
604,-0.075
605,-0.0726
606,-0.0704
607,-0.0634
608,-0.0658
609,-0.0716
610,-0.079
611,-0.077
612,-0.0794
613,-0.0854
614,-0.0718
615,-0.0794
616,-0.0808
617,-0.0838
618,-0.0918
619,-0.0892
620,-0.0844
621,-0.0898
622,-0.084
623,-0.0896
624,-0.0832
625,-0.0852
626,-0.0754
627,-0.0952
628,-0.0866
629,-0.0818
630,-0.103
631,-0.1026
632,-0.092
633,-0.0972
634,-0.0948
635,-0.1028
636,-0.091
637,-0.0824
638,-0.0844
639,-0.0854
640,-0.0836
641,-0.0838
642,-0.0872
643,-0.092
644,-0.093
645,-0.0912
646,-0.089
647,-0.0972
648,-0.1086
649,-0.0996
650,-0.0948
651,-0.083
652,-0.079
653,-0.06
654,-0.0748
655,-0.0782
656,-0.0802
657,-0.079
658,-0.0886
659,-0.0896
660,-0.1
661,-0.1072
662,-0.1184
663,-0.117
664,-0.1244
665,-0.1302
666,-0.1318
667,-0.1316
668,-0.137
669,-0.1366
670,-0.1488
671,-0.1392
672,-0.1434
673,-0.1578
674,-0.165
675,-0.1712
676,-0.1776
677,-0.1688
678,-0.1766
679,-0.182
680,-0.1704
681,-0.1684
682,-0.1532
683,-0.1532
684,-0.1548
685,-0.155
686,-0.1604
687,-0.1636
688,-0.158
689,-0.1668
690,-0.1558
691,-0.174
692,-0.1738
693,-0.1812
694,-0.1748
695,-0.1702
696,-0.1628
697,-0.1744
698,-0.1782
699,-0.1816
700,-0.1762
701,-0.1664
702,-0.1764
703,-0.1698
704,-0.1652
705,-0.1676
706,-0.1646
707,-0.1658
708,-0.157
709,-0.1434
710,-0.1428
711,-0.1256
712,-0.1248
713,-0.1318
714,-0.1312
715,-0.1402
716,-0.143
717,-0.1412
718,-0.137
719,-0.1346
720,-0.1292
721,-0.1312
722,-0.132
723,-0.1328
724,-0.1294
725,-0.1326
726,-0.1358
727,-0.1264
728,-0.1362
729,-0.1254
730,-0.1252
731,-0.1358
732,-0.1372
733,-0.1286
734,-0.1412
735,-0.1442
736,-0.1546
737,-0.1444
738,-0.1392
739,-0.1552
740,-0.1502
741,-0.1414
742,-0.134
743,-0.1296
744,-0.1298
745,-0.123
746,-0.1164
747,-0.1124
748,-0.0998
749,-0.099
750,-0.1134
751,-0.1176
752,-0.1028
753,-0.1068
754,-0.1114
755,-0.1048
756,-0.115
757,-0.114
758,-0.113
759,-0.1202
760,-0.1136
761,-0.1264
762,-0.1254
763,-0.1238
764,-0.1338
765,-0.1452
766,-0.1434
767,-0.1376
768,-0.1424
769,-0.1456
770,-0.1452
771,-0.1428
772,-0.1424
773,-0.138
774,-0.1404
775,-0.146
776,-0.1434
777,-0.143
778,-0.1368
779,-0.1416
780,-0.1456
781,-0.1546
782,-0.1666
783,-0.168
784,-0.1598
785,-0.1566
786,-0.1686
787,-0.1694
788,-0.1872
789,-0.1726
790,-0.1746
791,-0.1842
792,-0.1782
793,-0.1774
794,-0.158
795,-0.1534
796,-0.1432
797,-0.1446
798,-0.136
799,-0.1302
800,-0.1358
801,-0.1394
802,-0.1344
803,-0.142
804,-0.1498
805,-0.1526
806,-0.1552
807,-0.1492
808,-0.144
809,-0.1636
810,-0.153
811,-0.1626
812,-0.155
813,-0.1686
814,-0.1802
815,-0.1852
816,-0.184
817,-0.2
818,-0.1974
819,-0.188
820,-0.202
821,-0.1962
822,-0.1968
823,-0.2032
824,-0.1944
825,-0.1946
826,-0.1884
827,-0.1844
828,-0.1818
829,-0.1828
830,-0.1894
831,-0.1882
832,-0.1862
833,-0.1712
834,-0.1674
835,-0.1774
836,-0.179
837,-0.18
838,-0.1924
839,-0.1876
840,-0.1802
841,-0.1874
842,-0.188
843,-0.1998
844,-0.1986
845,-0.1954
846,-0.2
847,-0.2006
848,-0.1936
849,-0.2016
850,-0.2068
851,-0.1926
852,-0.1988
853,-0.201
854,-0.1968
855,-0.1856
856,-0.189
857,-0.191
858,-0.179
859,-0.178
860,-0.179
861,-0.1816
862,-0.1858
863,-0.1828
864,-0.1834
865,-0.178
866,-0.1596
867,-0.1728
868,-0.168
869,-0.18
870,-0.1826
871,-0.1728
872,-0.1848
873,-0.1842
874,-0.1784
875,-0.189
876,-0.1902
877,-0.1902
878,-0.1958
879,-0.1936
880,-0.1974
881,-0.1938
882,-0.1888
883,-0.2056
884,-0.2058
885,-0.1944
886,-0.1966
887,-0.197
888,-0.2004
889,-0.2084
890,-0.21
891,-0.2062
892,-0.2106
893,-0.1984
894,-0.2084
895,-0.2078
896,-0.2108
897,-0.2144
898,-0.2106
899,-0.211
900,-0.2162
901,-0.2182
902,-0.2202
903,-0.2092
904,-0.2004
905,-0.1954
906,-0.1988
907,-0.1906
908,-0.1906
909,-0.192
910,-0.1786
911,-0.184
912,-0.1924
913,-0.1934
914,-0.1952
915,-0.192
916,-0.2012
917,-0.2078
918,-0.2112
919,-0.2186
920,-0.2074
921,-0.209
922,-0.2164
923,-0.2112
924,-0.2204
925,-0.2288
926,-0.2344
927,-0.2396
928,-0.2348
929,-0.2414
930,-0.2488
931,-0.2504
932,-0.2404
933,-0.2424
934,-0.2356
935,-0.2298
936,-0.228
937,-0.2336
938,-0.238
939,-0.2406
940,-0.237
941,-0.23
942,-0.239
943,-0.2378
944,-0.2392
945,-0.2344
946,-0.2486
947,-0.2458
948,-0.237
949,-0.2392
950,-0.2438
951,-0.246
952,-0.238
953,-0.2472
954,-0.2598
955,-0.2472
956,-0.2538
957,-0.2542
958,-0.256
959,-0.2532
960,-0.251
961,-0.2484
962,-0.2466
963,-0.2566
964,-0.2494
965,-0.25
966,-0.2424
967,-0.2442
968,-0.2432
969,-0.244
970,-0.2326
971,-0.2338
972,-0.226
973,-0.2218
974,-0.2374
975,-0.2392
976,-0.2476
977,-0.2342
978,-0.2306
979,-0.2278
980,-0.231
981,-0.224
982,-0.2272
983,-0.2286
984,-0.2324
985,-0.2356
986,-0.2306
987,-0.23
988,-0.2286
989,-0.224
990,-0.23
991,-0.2306
992,-0.2332
993,-0.2392
994,-0.2444
995,-0.2516
996,-0.2626
997,-0.2576
998,-0.2472
999,-0.2376
